image_width: 640
image_height: 480
camera_name: left
camera_matrix:
  rows: 3
  cols: 3
  data: [4.3171269665919164e+02, 0., 3.3787546529491334e+02, 0., 4.3270732819200549e+02, 2.4663291454224677e+02, 0., 0., 1]
distortion_model: plumb_bob
distortion_coefficients:
  rows: 1
  cols: 5
  data: [-3.2813375288262636e-01, 1.6807367315202448e-01, 4.8023192010182401e-04, -1.3859441127358726e-04, -6.1262429090810540e-02]
rectification_matrix:
  rows: 3
  cols: 3
  data: [9.9990480234095447e-01, 1.0502416244092109e-03, 1.3758024859229308e-02, -1.0373134623697761e-03, 9.9999901379005074e-01, -9.4678387539489815e-04, -1.3759005642763571e-02, 9.3242235938424006e-04, 9.9990490565466583e-01]
projection_matrix:
  rows: 3
  cols: 4
  data: [4.7435756507001634e+02, 0., 3.9986589950323105e+02, 0., 0., 4.7435756507001634e+02, 2.6547610736638308e+02, 0., 0., 0., 1., 0]
