image_width: 640
image_height: 480
camera_name: right
camera_matrix:
  rows: 3
  cols: 3
  data: [4.3102153077779769e+02, 0., 3.1079985365945475e+02, 0., 4.3147374461797529e+02, 2.3764406005057563e+02, 0., 0., 1]
distortion_model: plumb_bob
distortion_coefficients:
  rows: 1
  cols: 5
  data: [-3.2731366101096576e-01, 1.6667037284442859e-01, 1.9501593027090657e-04, -1.4259281149296536e-04, -5.6494021472815577e-02]
rectification_matrix:
  rows: 3
  cols: 3
  data: [9.9980144313991937e-01, 6.9613683909404108e-04, 1.9914559719859466e-02, -7.1484968842416808e-04, 9.9999930966674466e-01, 9.3255346079598961e-04, -1.9913896787358137e-02, -9.4660421271980442e-04, 9.9980125057693692e-01]
projection_matrix:
  rows: 3
  cols: 4
  data: [4.7435756507001634e+02, 0., 3.9986589950323105e+02, -9.5302534383415178e+01, 0., 4.7435756507001634e+02, 2.6547610736638308e+02, 0., 0., 0., 1., 0]
